138.033534
139.175018
137.139318
136.374632
138.227576
139.152965
139.948005
137.417526
139.899346
138.725265
138.692907
138.616862
136.384906
107.922281
138.703396
138.782338
138.801658
137.360553
139.256449
138.509041
138.658856
137.929310
138.685707
139.308904
139.815966
138.793819
141.662341
138.835414
139.538368
140.121736
132.520859
137.810989
143.997656
137.778969
138.875112
140.211007
137.221412
139.651033
137.227156
140.387426
139.039949
141.332039
137.726027
324.852530
139.913122
143.771014
137.113500
140.153800
142.587435
136.709004
137.156930
145.801408
138.425567
138.392588
122.860949
131.168388
138.240042
138.178275
138.431129
123.782849
140.163310
138.327546
139.092532
-378.424650
141.534649
139.336047
143.679467
139.162473
138.017943
138.518366
140.991645
139.149508
129.224749
139.875517
150.682878
136.152472
139.040539
138.400234
139.485255
140.000862
54.090403
138.774257
138.009865
136.557104
139.821925
137.482412
138.783319
134.192257
138.371640
132.339107
139.662446
139.058587
139.126870
140.027867
58.435231
139.105381
138.242943
138.759902
137.562809
142.882272
139.669141
139.724648
139.420727
139.311089
139.328810
138.881280
139.059408
117.168695
138.689774
137.463631
136.210165
137.480010
138.879907
138.717013
139.362810
139.124135
142.558094
138.539100
138.439905
139.888491
138.404946
138.632937
139.331324
138.727380
138.349930
139.961778
138.998498
138.134546
140.300049
140.060542
138.140990
140.749147
136.790715
138.971802
138.162552
137.811630
138.386493
138.861738
140.144222
123.296573
138.892381
138.172321
138.551541
140.435154
138.634677
138.733380
138.754840
137.963780
138.390829
138.999755
138.270194
151.371765
138.520400
137.566290
143.621339
136.080838
138.516717
138.842058
148.159090
137.754093
129.426547
139.215467
139.236049
134.872317
138.137689
135.600994
147.423744
137.110230
147.427556
139.151872
139.377952
137.061985
139.512786
138.310172
138.826435
137.809385
137.150140
164.782852
117.512501
138.085251
132.666045
138.201169
141.686292
139.736479
138.245816
138.448481
141.018688
140.043533
138.569503
110.414642
140.957058
138.530286
139.013549
123.238540
139.293202
136.497475
271.830861
139.218977
137.897955
135.665379
139.169028
139.272486
137.773737
139.247900
135.581782
138.430890
137.048076
139.258724
138.725820
138.294454
138.218365
137.989662
149.811261
133.353694
137.711514
138.329005
146.438839
135.673378
112.172262
137.906357
143.200096
137.297852
139.329531
139.840497
138.229054
138.957243
139.372281
136.626845
137.026548
139.288032
123.252378
138.800488
138.340571
146.729500
138.699566
137.315245
140.221944
138.780714
157.361540
138.129226
133.240125
138.232550
138.416023
141.892615
139.281833
137.701287
141.373904
141.495626
141.153332
138.530439
139.468678
139.420172
138.040410
138.808971
138.028965
139.286403
142.327452
139.412428
138.799239
138.722629
138.301412
140.889108
149.035056
138.182785
136.169732
138.598869
140.235426
143.737921
137.331474
138.172571
140.282228
138.727399
138.740154
138.462371
138.524841
138.423765
136.318907
136.300204
140.632743
139.826361
137.093927
141.352269
138.543040
137.590798
137.786645
138.670314
139.607625
136.744990
141.378872
138.916941
139.020032
137.985382
136.545413
144.047182
138.123739
138.806924
137.594271
138.025995
137.407635
141.818166
137.743826
139.299250
137.640260
139.015013
135.744712
138.828412
139.131125
140.080143
142.556159
137.719732
141.981591
138.783992
139.350754
138.482620
140.444244
140.433166
145.495060
138.998071
138.466966
139.040936
138.785339
134.556596
139.272431
136.720896
137.641955
139.527328
138.523908
139.517333
139.015694
140.538394
139.654667
141.099389
138.932821
131.998469
137.842806
138.812494
140.325739
142.553353
137.490216
139.448149
141.255508
13.013275
141.414840
138.067237
138.489517
145.724632
136.916068
138.425000
133.922171
138.099842
137.768146
137.085614
138.364264
135.200430
136.958742
130.701479
141.276057
136.692607
139.631608
139.658051
139.559708
140.579021
138.913374
137.718274
138.681605
139.440267
137.297543
139.349458
139.994741
138.235803
139.325019
138.128925
139.934943
135.724014
141.585118
137.940879
141.671372
132.462534
134.895445
138.533138
138.196235
154.675205
139.748712
142.183230
138.396885
138.347469
109.869271
137.015836
137.542330
134.708947
140.554148
138.239283
122.261186
137.810972
138.141033
138.986656
140.918240
143.138804
138.192698
139.052212
139.410620
137.679816
139.711697
138.435598
147.404573
138.191747
140.315480
137.765603
141.150776
137.924294
139.366332
139.522702
147.420888
135.037749
142.402893
137.726728
138.770486
139.998167
139.709190
139.784830
138.667668
139.806069
138.703219
136.646642
171.007097
138.712600
138.518858
138.810194
122.511707
138.388428
134.661443
138.137875
137.495260
138.243968
134.956104
139.939412
137.820722
138.285565
139.705686
139.081592
140.084939
136.988261
136.830027
138.815297
139.049281
138.601501
138.044531
140.276612
134.100328
139.064588
139.139708
133.067322
130.583165
137.846642
138.952110
138.856428
137.970947
139.617305
138.828466
138.874792
140.226990
134.018585
143.808971
138.150493
139.219095
138.453083
139.087537
138.886456
137.949965
128.356994
137.041215
140.292875
139.471812
138.945684
134.467743
140.048203
140.974254
138.553919
137.749494
138.386896
136.170741
138.301046
138.640625
138.501465
138.299808
133.973147
145.233904
138.583757
140.137868
138.657912
137.747757
137.475789
137.968451
128.014704
141.952962
137.726486
139.477425
138.065506
138.882630
139.087862
139.527858
138.157038
122.716807
138.516732
136.323743
137.076232
136.111021
139.403549
137.647597
139.520354
138.887601
132.442287
138.229293
139.478904
145.568273
139.422007
137.857642
137.864947
139.434536
189.854644
138.767774
141.907398
138.597806
141.894753
137.400054
139.547065
137.591595
138.394541
138.892769
136.251588
142.328811
138.533023
137.201830
141.439594
44.617262
114.927201
137.878804
137.437616
138.254544
130.246630
136.584352
145.834691
139.076894
139.353865
136.595965
139.437532
143.090423
137.318188
137.183550
140.870046
137.398879
141.204937
138.696828
137.491068
135.961198
139.084321
142.458676
138.099123
136.918476
138.055912
142.893234
138.265814
138.181346
141.487484
99.806531
138.819359
135.846368
140.105745
141.954752
137.816037
139.487315
138.916521
140.966733
138.155014
138.905511
140.795843
138.838105
139.343276
138.628003
138.960067
138.271511
138.081330
130.895125
117.902719
140.911572
139.788396
138.019875
138.573999
140.745129
139.094282
134.704024
141.081767
137.896574
139.385181
128.984662
130.830239
137.674592
135.971525
138.918828
140.425770
145.663654
140.680728
138.695114
142.824622
138.477961
138.998601
138.973869
139.742900
135.244358
137.953589
136.546467
142.881226
139.264462
133.363112
137.614454
138.496343
138.556130
138.978337
137.433596
140.231808
138.572631
138.515170
138.928381
135.053537
143.365933
139.057375
138.924354
138.959194
138.300223
138.799608
136.921548
136.958722
136.392873
139.378589
137.371936
138.439882
137.555989
60.395529
138.103989
139.419461
138.597694
139.064308
138.199406
139.170569
138.890155
136.866221
140.351859
138.217921
141.384427
135.278005
140.917096
139.216175
137.510657
138.556443
138.532536
139.218682
137.101476
135.821142
137.751493
138.993413
139.161777
138.342719
139.090769
137.596383
142.831883
138.987415
172.378138
136.548303
140.446983
137.802451
137.145232
137.566981
138.303386
139.114072
142.797324
138.346296
134.882003
136.633996
137.858217
141.365684
142.949212
136.367616
137.545845
139.049818
137.284318
138.385645
138.031683
138.774282
139.026221
87.271779
139.000115
138.718778
139.040416
139.992242
141.545967
141.564692
137.488947
137.769910
140.659831
139.487875
132.760831
138.521133
138.219210
138.849852
138.678708
137.779180
146.159247
141.200454
138.410664
137.728271
136.901386
138.931364
139.684366
138.970318
124.665940
138.349416
139.268129
138.935939
138.155498
142.097290
138.555170
139.853509
138.506999
136.365457
138.882443
139.441332
137.811998
144.787002
133.016652
139.702993
140.345657
138.211962
-18.583718
138.977631
137.825359
139.307418
136.464738
186.145567
138.244315
137.901584
131.523822
138.263013
139.030526
142.346531
139.029654
139.457934
140.089925
134.650467
140.150861
134.545207
143.759696
145.565167
131.953569
138.596975
138.614536
138.680311
139.019545
139.159809
137.826626
138.629823
139.111215
137.829664
140.688990
137.216117
138.797293
139.865349
138.873249
140.848565
141.137306
139.394133
136.773688
138.528880
139.134629
137.403874
138.909907
131.034046
136.406248
139.067667
139.230886
138.775913
144.199076
139.250841
143.520066
139.558312
141.767742
138.646414
143.306543
137.112906
140.303000
137.476216
123.131474
142.714071
140.701540
139.684018
139.721356
111.504196
142.844449
138.477777
138.712944
137.813694
137.102618
140.770373
138.363994
135.041307
139.106450
133.215882
139.352623
139.514765
149.677772
138.527994
137.986357
137.759544
128.042344
142.187214
140.150639
143.982716
140.683406
138.262452
138.965914
138.636503
138.555882
141.639811
138.029334
137.675869
140.767480
138.342745
139.352493
139.593923
139.590378
152.475034
137.580822
133.943269
140.510659
137.316705
142.091537
136.174688
135.457839
142.216290
138.311943
140.501222
137.618080
139.636130
139.610689
140.379570
136.796907
137.606375
136.094417
138.190165
138.535057
135.801965
139.205417
141.044801
143.098325
140.310193
138.085737
138.516993
138.786337
139.183526
138.334728
154.667666
138.497372
127.078620
138.195994
138.601802
139.063666
137.139921
138.798661
139.771069
134.501804
160.205642
139.800415
136.019673
138.136111
138.940299
138.802085
139.215823
137.759048
138.820584
135.795515
132.003493
141.670961
138.854997
142.399069
158.571471
139.063390
137.940656
137.990243
136.852419
139.029191
138.909409
139.096847
138.001349
140.644138
136.518425
145.298218
136.857728
134.933462
141.502498
134.415668
138.607947
131.812730
137.973773
138.405950
128.830298
139.335059
0.356627
144.387737
99.604669
139.443365
136.787141
138.248410
138.150358
139.546407
136.869943
131.171063
139.515386
138.635613
137.781937
141.746047
134.488386
137.980825
137.924706
138.642645
138.331014
137.456624
140.728785
134.196700
139.048797
138.966467
138.867763
139.483631
139.208785
141.725844
139.329161
139.250265
138.498408
149.075352
140.000436
141.007885
140.755992
137.055787
138.737855
139.447567
138.662570
137.619433
141.738086
137.857659
138.693803
137.326154
138.546705
138.286205
138.551967
130.776020
139.133056
138.101355
138.538640
138.370114
72.113114
146.244838
137.652887
138.689255
138.008595
135.286427
138.817491
140.431930
138.609583
138.571582
138.377881
138.263942
139.703901
139.014706
261.462736
144.219155
142.928001
142.483823
135.680496
135.361135
133.470026
140.134524
137.196594
137.200797
140.838670
138.183235
139.246571
138.759413
138.760208
138.392796
40.443735
139.457841
134.896055
140.623196
139.563086
198.250482
138.965974
137.541157
140.748803
137.656621
139.478574
139.815658
139.499003
