1.268498
0.054001
1.633649
0.333330
0.016204
0.890394
0.399139
0.667200
0.433844
2.092469
0.209948
0.825032
0.836142
0.472219
0.636238
1.503844
0.254923
1.231617
0.303949
1.441751
2.275126
1.594989
1.322580
0.631986
0.316848
0.329496
0.837105
0.451541
2.312963
0.606319
0.385251
0.141527
0.175531
0.128965
0.762205
0.104260
0.215408
0.123843
0.612556
0.894229
1.638981
0.122479
0.776398
0.129768
1.673164
1.514150
1.394410
1.947027
0.296576
0.525335
1.444611
0.187065
1.351739
0.943539
0.259103
0.770031
1.312860
0.534352
1.405287
0.961306
0.926646
0.248716
1.224590
0.316379
0.549231
0.454891
0.076733
1.837398
0.539285
0.953948
1.655705
0.587605
0.943212
0.917487
0.680146
1.331629
1.259405
0.006284
0.140107
0.601899
0.236395
0.788919
1.002401
0.974499
0.047856
1.024284
0.437221
1.347149
0.026201
0.195830
0.820901
0.179358
0.451367
1.272752
1.307485
3.137809
1.080079
2.237859
0.528141
0.256800
0.938829
1.390175
0.370813
0.750019
1.331587
0.576978
0.388075
1.127633
0.504530
0.264339
1.274808
0.894102
1.825825
0.726921
0.125246
0.491190
0.127812
0.527330
0.774275
0.306853
0.629681
1.960839
1.580238
0.909302
0.914989
2.407554
0.278208
1.027646
1.026635
0.501099
1.760024
1.005603
1.521599
1.978976
0.555626
2.388548
0.243313
0.535553
1.034450
1.128490
0.581006
0.701521
1.048110
0.272724
0.507459
0.173981
1.761183
0.193698
0.485469
0.091934
1.267176
0.660452
1.835262
0.715823
0.290667
0.441909
1.339579
2.863605
2.034067
0.406256
0.633661
0.384128
2.193453
0.888654
2.710723
0.349165
2.066055
0.158243
0.748748
0.972388
1.217177
0.320412
0.895419
0.578131
0.908616
0.503381
1.093446
1.517036
0.331256
0.337308
1.663152
1.112299
2.790835
0.113664
0.075416
0.644673
1.055043
0.282264
1.303988
0.405635
0.336508
0.677195
1.144454
0.839182
0.833409
1.102677
1.996844
1.059093
0.974442
0.470629
0.511996
0.887905
0.100452
1.578417
0.400562
0.389117
1.601591
0.333131
0.714017
0.481744
1.316224
1.517292
2.565540
1.753856
0.877370
1.431103
0.148563
0.280927
0.970366
0.378451
0.083924
0.562658
0.796764
0.477637
1.260260
1.244623
0.357961
0.191877
0.156875
1.037674
0.631752
1.206851
1.115093
1.861931
0.136788
0.933001
0.354944
1.249225
0.791684
1.632942
0.453103
0.130640
0.415492
0.881080
1.379404
0.595457
2.130874
0.227887
1.447257
0.306229
0.508759
0.288977
1.292967
0.970206
0.468115
1.094774
0.237619
1.058340
0.390691
0.578792
1.060251
1.075695
0.836314
0.411025
0.415860
0.499845
0.858540
1.772515
0.675666
1.237105
0.623920
1.026389
1.505329
1.245819
0.229182
0.448216
0.670000
1.015238
0.049358
0.991511
0.975733
0.415068
0.527436
0.464408
0.554979
0.861735
0.522289
0.251805
2.091046
0.425595
0.498087
1.028911
0.913085
0.779078
1.331056
0.906703
2.595703
0.380352
0.139504
0.200606
0.705727
0.480528
0.602010
2.828741
0.412458
0.666711
0.532658
0.242913
2.029240
0.628500
1.147128
0.217879
0.694849
1.425672
0.134223
0.178712
1.439649
0.307898
0.014757
0.390343
0.871373
0.610151
0.580902
0.241006
0.585026
0.815334
0.658442
2.342297
2.406819
0.547032
1.074755
0.632574
0.673834
0.211193
1.735519
0.967040
0.537589
0.873696
0.459124
0.386643
0.503524
0.544660
1.839380
0.723704
0.636642
0.527716
0.951937
0.035321
1.345613
1.075117
1.351656
1.122022
1.379278
0.211527
1.144772
0.693741
0.573819
0.662273
0.633240
1.075628
0.647222
1.080632
0.379663
0.204258
0.757508
1.256065
0.702774
0.377384
1.219434
1.893384
2.500665
0.647681
0.519829
0.616913
2.293721
0.448295
1.623838
1.077970
1.980467
2.857982
0.338086
1.543557
0.638317
0.432481
0.185125
1.608767
1.777753
1.008221
0.209884
0.029503
1.399477
1.353584
1.080729
0.419654
0.676106
0.191400
1.637765
0.233044
1.539383
0.610825
0.410593
0.925736
0.331791
2.439407
0.313115
1.650364
0.431833
0.373812
1.010029
1.149495
0.249524
1.137259
1.268948
2.049546
1.722785
0.332105
0.435220
1.131790
0.573604
1.959267
1.062618
0.089308
0.422221
0.282785
0.026290
1.214497
1.288346
2.240411
1.432253
0.082574
1.106581
0.381486
0.694366
0.387791
1.662766
1.452735
3.724489
0.621274
0.408837
1.084135
0.653403
0.916939
0.682784
0.723387
0.080311
0.876720
0.400977
0.782651
1.823794
1.007626
2.088927
0.558107
1.068398
0.289219
0.894843
0.465284
0.476489
0.725720
0.589243
0.452935
1.245827
0.370317
1.159906
1.507451
0.294063
0.893534
0.064376
0.572262
0.324306
0.976848
0.224830
1.005149
0.711828
0.510038
0.220229
0.021744
1.809010
0.977706
0.851624
1.090976
0.644153
0.763694
0.647807
1.697271
0.149597
0.136244
0.141444
0.326692
1.498475
1.070391
0.851778
0.502256
1.235214
1.736806
0.236889
0.552897
1.097277
0.366443
0.386381
0.864193
0.662355
0.572657
0.881465
0.333420
0.305640
0.681851
0.803344
1.147843
0.495118
0.606035
1.132067
1.570983
0.650163
0.256040
2.540330
0.497441
1.520002
1.159431
0.620123
0.520538
0.688197
1.426475
0.226021
0.415790
1.427998
0.413217
0.925036
1.130886
0.891969
0.848058
0.297628
0.786886
1.328356
0.242383
0.820834
1.377548
0.296293
1.617064
1.055701
0.820023
1.929651
1.190336
0.303957
0.741631
0.327243
0.228782
0.264157
1.312486
1.096185
0.600390
1.094319
0.224695
0.993049
1.247986
1.823320
0.584968
0.243894
0.730922
0.683998
0.395291
0.847598
0.904429
0.142201
0.176912
0.162608
0.216088
0.650161
0.852945
1.881949
0.259502
0.945130
1.417073
1.416084
0.292830
0.367823
0.566956
0.255088
0.700485
1.152057
1.496044
1.768961
0.576270
0.507624
0.113818
0.917488
0.278113
0.360686
1.532773
0.640428
0.423854
1.229074
0.057841
0.960847
0.098760
0.498195
0.233773
1.251640
0.546859
0.935190
1.162234
0.302396
0.148642
1.580839
1.226070
0.030061
1.603380
0.999867
0.929315
0.187630
1.210531
0.528362
1.031238
0.402758
1.207692
0.534723
0.987150
0.480716
0.171980
1.146368
0.919997
0.808779
0.817510
0.541363
0.251098
1.350809
1.031500
1.246235
0.952124
2.500095
0.419410
1.405187
1.091285
0.220460
0.423376
0.440552
1.238829
1.056453
0.966595
0.662160
1.644169
0.144645
0.517031
0.039981
1.691090
0.936560
1.291412
0.570049
0.731755
0.145279
1.040235
0.711932
0.302013
0.400332
0.278633
1.294445
1.632069
1.050454
1.178536
0.549578
0.400217
1.158504
0.726783
0.219921
0.388823
0.520819
1.037832
0.683960
0.292574
1.686715
1.245048
0.292579
1.147281
0.669320
1.772486
1.612772
0.522059
1.920454
1.385750
0.419040
0.846685
0.381245
0.388052
0.161144
1.817947
1.558536
1.639100
0.529221
1.271313
0.886552
0.438902
1.008524
1.083319
0.650412
0.462488
0.782531
0.046187
0.334544
1.496295
0.584867
0.387442
1.173599
0.908903
0.299666
0.077202
0.700549
1.056355
3.010888
0.495356
1.273313
0.457847
0.823055
1.688370
1.148442
1.392092
0.374037
2.274795
0.973614
1.166468
0.694634
2.736196
1.079692
2.318933
0.135403
1.321287
2.164020
1.638925
0.826590
0.435009
1.063521
0.937805
0.183186
1.430954
0.759187
0.223333
0.754976
0.522281
0.578950
0.508143
0.496921
0.457576
0.084871
0.642523
0.785719
2.665231
1.661812
0.188877
0.781291
0.264148
0.415365
0.236475
0.799052
1.208711
1.320443
0.609254
1.116969
1.060870
0.884661
0.765168
0.975688
2.411602
1.670175
0.649236
1.986361
0.637011
1.749202
1.218615
0.655406
2.243246
0.358720
0.447381
0.681106
0.422786
0.896968
0.961865
2.122472
0.891778
0.650677
0.921369
0.425501
1.843258
0.015121
2.178341
0.059256
0.893438
1.576903
1.539352
0.599501
0.938048
0.236730
1.119417
1.681369
1.062209
0.454176
0.068655
1.845345
0.850253
1.603003
0.856089
0.197989
0.342174
0.458650
0.178806
1.200921
0.797474
1.000879
0.948729
0.463810
1.435881
1.438926
0.916851
0.902532
0.749492
0.737118
0.124692
0.152826
2.703936
1.763890
0.951568
1.125758
0.306041
0.620650
1.358682
2.434454
0.418693
1.110774
1.473423
2.287498
1.131896
0.342295
0.154765
0.892228
0.990256
0.996685
0.186188
1.092818
0.726563
0.542099
1.382484
0.353130
0.439229
0.773841
0.398540
0.662219
0.927680
0.816515
2.003822
0.272675
0.877006
0.571988
0.800541
1.673308
0.348149
0.415242
0.834725
1.242685
0.490033
0.707446
0.481191
1.012953
1.315813
1.558390
1.218171
0.364102
0.402693
0.353297
0.693389
0.687141
1.309062
0.840261
0.869004
0.392912
1.101891
0.704774
0.764575
0.471643
1.328928
1.004949
0.849142
0.034328
0.558725
2.049300
1.075348
0.344720
0.701766
0.693521
0.329381
1.270519
0.635697
0.641812
0.833693
0.490162
0.967412
0.845481
1.607532
1.493856
0.439606
1.272663
0.886290
0.945187
0.520828
0.546810
0.351116
0.424302
0.147133
0.666315
0.586201
0.179934
0.943936
0.035964
1.974572
0.354548
0.641947
1.576981
0.370484
0.223144
1.058232
0.173333
1.292557
1.338131
0.399388
0.563602
0.358864
2.528159
2.219603
1.193358
0.548403
0.334879
1.944101
0.238429
0.938976
1.283392
0.843833
0.774290
1.088388
0.799962
1.616360
0.795717
0.038391
1.214416
1.571168
1.814825
1.676990
1.184172
2.420574
1.779248
1.253043
0.562414
2.757338
0.195104
1.735205
1.658584
0.482351
1.271863
1.582602
0.712610
0.848428
0.162510
0.372824
0.321869
0.153214
0.353682
1.152156
0.122996
0.989978
0.559618
0.671756
0.324415
1.390209
1.047132
0.044542
0.560257
1.350003
0.799660
0.505786
1.226848
0.510214
0.510856
0.720568
0.405527
0.817979
1.013416
1.296006
0.107996
0.598530
0.295906
0.874246
0.697527
1.443000
1.421460
3.419162
0.652508
0.460924
1.245609
1.027718
0.515530
0.377295
1.613609
0.307372
0.172218
1.140428
0.699361
0.908752
0.643788
0.813517
0.105046
0.354676
0.321817
0.669117
0.167219
1.186698
2.400497
0.241033
0.462814
0.320293
1.024707
1.603808
0.747925
1.539416
0.794083
1.030702
3.038385
0.235386
0.598129
1.230036
3.186497
0.790755
1.498006
0.351116
2.199385
1.029159
0.558324
0.167059
0.898534
0.115539
0.142868
0.763742
0.744937
1.020991
1.362778
1.141874
0.419028
0.820874
0.369453
0.289127
0.879635
0.323667
1.061133
0.676694
2.296334
0.552417
1.169450
0.140570
1.476447
1.012492
0.787904
0.359255
1.001227
0.356727
2.125988
0.409861
1.186974
1.158528
1.022468
1.277403
1.047233
0.168244
0.814576
1.436754
0.946149
0.313447
1.291800
0.190666
2.051925
0.105257
1.424390
0.632079
1.118079
0.394427
0.260076
1.580847
0.861247
1.218620
1.067617
1.054016
1.208487
2.479146
2.543234
0.688777
0.310523
0.816808
1.710868
0.101076
0.340993
2.255304
1.389189
0.700151
0.806464
1.359698
0.770904
0.760335
1.098502
0.732310
1.345632
0.432637
0.138537
0.081571
0.611017
0.511546
0.778427
1.968068
0.122519
0.268950
1.350962
0.784105
0.778945
1.991910
0.732644
0.162794
0.366230
0.565924
0.995907
1.267191
0.625573
1.769917
0.896183
1.452116
2.142422
1.218946
1.142663
0.366071
0.209220
0.505348
1.416464
0.436517
0.246416
0.212344
0.509481
1.028515
1.258491
0.462440
0.184438
0.392984
2.257804
0.640315
0.617428
1.195778
1.524082
0.482148
0.389325
0.331011
0.581933
0.496810
0.115819
0.217177
0.147067
0.911995
1.114755
0.258350
2.256538
1.826456
0.655917
0.838738
0.457893
0.763323
0.103792
0.957461
1.420507
0.563279
2.064369
1.982739
1.663832
2.102462
1.138465
0.231065
0.936037
1.066324
2.801906
1.412135
0.223621
0.492620
0.976300
1.572283
0.704643
1.266159
1.116278
1.073508
0.882648
1.549595
0.342497
1.548027
1.019577
0.456491
0.685047
0.857715
0.925006
0.526338
0.156927
0.745978
1.503331
1.018624
0.226750
0.694053
0.848224
1.112420
1.377707
0.548922
1.179312
2.624041
0.526612
0.858208
2.338078
0.888159
2.461833
0.922134
0.926159
0.592323
0.617822
0.431820
1.733677
0.884593
0.083926
1.144110
2.435333
0.997135
1.832707
0.862236
0.694019
0.441761
1.999074
0.900125
0.388250
0.133443
0.800286
0.164174
1.226494
1.635824
0.855505
0.957106
0.494927
1.298885
1.838433
1.321153
0.031861
0.243831
1.236557
1.739396
0.381614
2.049618
0.446040
1.246186
0.126618
2.449343
0.904667
0.692767
0.951783
0.139293
0.266893
1.589066
0.046649
1.110976
1.158326
1.019904
0.109795
1.981151
0.849852
0.439791
0.860382
1.232701
0.858327
0.568114
1.074267
0.344032
1.644567
0.382408
0.394225
0.666404
1.104410
3.129502
0.088188
0.617847
0.144616
0.335845
1.386204
1.192848
0.549539
1.896859
0.201595
0.245071
1.057613
0.952949
1.110593
0.580608
0.567189
1.518450
0.700445
0.040030
1.178053
0.916429
0.163589
0.435964
0.620092
0.772982
0.186581
1.047356
0.390592
0.835351
0.181263
2.254179
1.568866
0.664979
0.612778
0.057610
1.131568
1.017371
0.890040
0.134904
0.778708
0.157264
0.339120
0.824462
0.468316
1.079873
0.600571
0.856502
0.033543
0.473645
1.145682
0.206752
2.027756
0.441029
0.163964
0.575517
0.587076
0.106169
1.593212
0.670893
2.002022
0.916418
1.573085
0.509203
1.501763
0.116063
2.072669
0.347830
1.600815
0.516384
1.031291
0.672568
0.516916
0.214798
1.243429
0.408011
0.340243
0.432427
1.457721
0.276209
1.117695
0.157497
0.857221
2.268098
0.646958
0.801214
1.839630
0.166941
1.919205
0.648188
0.144496
0.929185
1.241162
0.073069
0.647484
1.016146
1.418014
1.539774
0.162203
0.426910
1.265138
0.415497
0.307284
0.815313
0.206220
1.273801
0.465829
1.255314
1.422988
0.569362
1.106783
2.217752
0.184203
1.007616
0.953936
0.385848
1.385769
1.064044
1.091610
0.836865
1.451244
0.289598
0.317805
0.626887
0.545094
0.799943
0.547573
0.153994
0.190268
1.043904
2.881048
0.428497
0.233352
0.205706
2.063373
0.944002
1.187260
1.097464
1.491458
0.541686
2.391114
0.436609
0.592206
0.820591
0.347517
1.439560
0.761998
1.255129
0.720660
1.630442
0.906909
1.421246
0.322775
1.969682
1.914115
1.415530
1.186717
0.165600
0.739615
0.867752
1.544728
0.466343
1.850959
0.063379
1.186677
0.903938
0.092199
1.091275
0.649482
0.168827
0.052558
0.194971
1.245261
2.366552
0.003588
0.458963
0.479082
1.547297
1.139956
1.001830
2.456835
0.489271
0.907757
0.446690
1.125695
0.587786
1.107460
1.162073
0.485706
0.264474
0.698615
0.959858
0.706035
1.095038
1.199702
0.030706
1.424627
0.449707
0.764538
1.250984
1.369739
0.400261
1.268865
0.140353
0.545806
2.143688
1.395554
0.766330
0.158422
0.081832
2.170519
1.852121
0.622988
0.337537
0.640111
1.618683
1.039104
1.428195
1.345506
1.018061
0.362380
0.843474
0.179395
1.429596
1.793426
2.170397
0.846144
0.198841
2.932032
0.606382
0.214883
0.816330
1.068801
0.106813
0.543848
0.922105
1.324969
1.868867
1.752642
0.426725
0.768869
1.499012
0.215824
0.631054
1.717559
0.793507
0.466825
0.977185
1.245727
0.066647
1.448313
0.209987
0.330709
0.536190
0.132244
0.279651
0.772772
0.645721
0.217434
0.330803
0.590027
1.639470
1.743535
0.179337
0.305127
0.649790
0.495657
0.799799
0.969104
0.075201
0.597293
0.919710
0.685481
0.180461
0.280504
0.773808
0.599556
0.723996
1.748815
0.128666
1.674509
0.401920
1.033388
1.035445
2.253858
0.420453
0.014664
0.787271
0.969207
0.173249
0.915248
1.234431
0.875173
1.507224
0.914868
1.325770
0.743431
1.230694
1.399668
0.552869
0.093719
0.441229
0.565213
0.714988
1.043504
2.385995
1.651112
1.142212
0.464552
1.050086
1.469135
0.341255
0.429999
1.275702
0.960594
2.174411
0.633231
0.300014
1.070147
0.922675
0.182487
0.718999
1.438927
1.000231
0.778356
2.381910
1.473032
1.153730
0.883809
0.794202
0.629340
0.829219
0.575759
0.780909
0.306344
0.595183
1.574025
0.727749
0.844838
0.477229
1.273957
1.079797
1.843878
0.808815
1.764962
1.278271
1.327239
0.185549
0.261316
0.790997
0.571113
1.032576
1.671801
0.189318
0.439647
3.008247
1.410958
0.147201
0.431206
0.205651
0.237475
0.957052
0.731368
1.073434
1.400011
2.511888
1.280442
1.365020
0.428612
1.190325
1.195005
0.393717
1.225062
0.305716
1.226488
0.467178
0.778642
1.227135
0.350403
0.727718
0.589380
0.207357
1.212949
1.438057
0.583783
0.368103
0.960734
1.017273
1.058625
0.326244
0.568558
2.008644
3.662809
0.347705
0.417964
0.344120
1.498844
0.483648
1.506188
0.275581
0.206862
0.968098
0.325650
1.266519
0.785534
0.492047
0.832331
2.560502
0.278906
0.978315
0.876345
0.248795
0.432370
0.955925
0.546963
0.863071
1.285829
0.539717
0.265703
0.263066
0.410710
0.820302
0.092798
0.727564
0.562596
0.598729
0.421657
0.549577
0.637646
1.356497
0.262727
0.394757
1.358451
0.281172
0.681413
1.113678
0.121949
0.879289
0.720992
1.101013
1.898945
0.171116
0.750434
0.683241
0.332495
1.168588
0.259672
0.537856
2.254754
2.889634
0.617687
2.042293
0.686703
0.654857
2.822372
1.233407
0.236565
2.795151
0.183409
0.715098
0.257029
1.102603
0.746727
0.358906
0.831260
0.487311
0.698958
0.623798
1.142032
0.778603
1.282349
1.697153
1.036913
1.384889
0.106074
0.914938
0.117968
0.542589
0.692486
0.165956
0.391556
1.209625
1.423303
0.084774
1.437180
1.414120
0.542992
1.390708
1.443678
0.720422
1.100465
0.894270
0.177228
1.069033
1.697615
0.985756
2.331198
0.864893
0.183868
0.902370
0.220556
0.153139
0.757236
0.158975
0.133862
1.082680
0.819359
0.508891
1.659261
0.960516
0.650540
0.200430
0.437882
1.804161
1.600610
1.195369
0.680220
1.524698
1.868920
0.472609
1.860722
1.032896
0.397633
0.190622
2.197428
0.158298
0.094389
0.684438
0.460498
2.505187
2.838089
1.089293
1.406978
0.161336
1.059264
2.136574
0.128707
1.194917
0.418161
0.976239
1.544064
1.188663
1.818506
0.603150
0.210587
1.162543
0.637219
1.616701
0.783105
0.279835
1.443625
0.279213
0.461611
1.218918
0.627682
0.628617
0.393304
2.099094
0.083377
2.344639
0.348678
1.053997
1.357922
0.183948
0.100156
0.326742
2.310079
0.242560
0.809948
1.163011
0.299837
0.933857
0.440257
0.712978
1.185146
1.024223
0.772661
1.047366
1.732818
0.364325
0.857656
0.325675
1.140117
0.579166
2.117868
1.003690
2.772502
1.309458
0.939723
0.428299
0.088037
0.879799
0.839618
0.415667
2.299896
0.880187
0.573146
0.825116
1.142031
0.153063
1.180076
0.030928
0.295817
0.764232
0.349420
0.537988
1.916049
0.193708
0.619711
1.758210
1.555404
4.114697
0.604402
0.324137
2.192172
0.270067
0.219618
0.774452
1.787007
3.327082
0.616103
2.712557
0.477678
0.911095
0.317571
0.217328
1.248683
0.450629
1.847742
0.344405
0.383599
0.500029
1.016166
0.797885
0.544187
1.681167
1.081740
0.988349
0.716320
2.136486
0.871769
0.210637
0.737502
0.363211
0.994547
1.612162
2.035070
1.345888
1.419094
0.562528
1.938719
0.675487
0.331796
0.306032
0.801595
0.587533
2.043783
0.486105
0.473852
0.500383
0.680590
1.616504
0.157232
0.123093
1.497856
1.558350
1.921316
0.685586
0.524455
2.139842
1.152027
1.700810
0.942729
1.060359
2.486007
0.047418
1.099735
0.747400
0.219326
1.206166
1.442747
2.987839
0.299341
0.350090
0.522948
0.478132
0.757880
0.085115
4.248215
1.417559
1.255228
2.177654
1.002446
1.591901
0.314159
0.137843
0.534396
0.572673
1.535633
1.075375
0.757568
0.627270
1.648533
0.026686
0.135400
0.361145
1.159516
0.341601
1.621784
0.631251
0.076948
0.263713
0.717318
1.520478
0.650767
0.403693
0.717187
1.354790
0.817046
1.127914
1.265387
2.365763
0.755355
1.123325
1.182280
1.854883
0.247505
0.853304
1.022696
0.170685
1.020831
0.715471
0.278689
0.142663
0.082105
2.272427
0.340361
0.579319
0.266143
0.350224
0.996653
1.418141
1.073178
2.003481
0.444381
0.194820
1.069851
0.073689
0.086139
0.084786
1.078320
0.633416
0.528673
1.571358
0.326657
0.385912
0.512544
0.742618
0.021334
0.484524
0.706645
0.653548
0.130519
0.225714
1.930273
1.347147
0.769255
1.438471
1.046896
0.641099
1.518560
1.133046
1.403651
0.704801
1.037710
0.758978
0.246368
0.772841
0.747169
1.345607
0.927806
1.995597
2.424186
1.501229
0.588476
0.183630
0.110937
0.832280
0.082662
1.304834
3.822944
3.816776
0.409757
0.136955
0.272949
1.146153
0.112840
1.384101
1.065978
0.785579
1.413296
0.849526
2.039899
0.971940
0.363454
0.334757
2.045171
0.994640
0.305013
1.207043
1.520341
0.892586
1.610657
0.399308
0.903546
0.237110
0.413931
0.497278
1.443657
2.609019
0.618968
1.924563
2.568396
0.589432
0.711455
0.171250
0.540003
1.272270
1.684745
0.694933
1.939870
1.750366
0.317580
0.209183
0.774013
1.243589
0.571235
0.436165
0.717230
0.634439
1.019828
0.486827
0.376127
0.361388
0.257565
1.733743
0.315835
0.456335
0.840327
0.351336
0.996524
1.947605
0.879450
0.592646
0.857070
1.040358
0.451293
0.969178
1.680209
1.045441
1.473807
1.331538
0.830929
1.639471
0.556927
0.627404
1.987808
0.723538
0.333737
0.685222
1.707712
1.856130
1.901376
1.094715
0.114144
0.547338
0.300212
0.053098
0.740496
1.404624
0.257298
0.556330
0.186066
3.461523
0.566290
1.671081
1.795716
0.956486
1.121614
0.971500
0.909922
0.284068
0.785116
0.966361
0.706181
2.929597
0.071946
1.216905
0.741203
1.710388
0.529105
1.383476
0.322248
0.824999
0.628442
0.270092
0.647208
0.592475
0.478397
1.005557
1.016658
0.710260
1.059809
1.597181
0.571452
0.374640
0.253392
0.400912
0.431726
0.334967
2.195261
0.849061
1.240905
0.249451
0.233007
2.012131
2.087266
0.316571
0.589267
0.055053
1.196083
0.020465
0.433231
1.806039
0.265342
0.800519
1.555620
0.436892
0.937605
1.932247
0.734207
1.294835
2.430390
1.306769
0.348007
1.325716
0.780367
0.145059
0.454385
0.269373
0.272971
0.291449
0.895136
0.648969
0.567560
1.578998
2.589604
0.377916
1.180000
0.158404
0.645673
0.964266
1.523711
0.355640
0.517640
0.285381
0.909617
0.940742
0.969031
0.688424
0.548640
0.954766
0.621389
0.823127
0.500507
0.398500
1.399865
0.251084
0.577264
1.685005
1.649821
1.172949
0.270754
0.892087
0.808217
1.053783
1.377930
1.082508
1.822516
0.278134
0.739968
1.985483
0.205089
1.034800
0.692589
0.964721
0.564479
1.203409
0.251822
1.027493
0.233979
0.837703
0.416207
0.387048
0.641805
0.492801
2.730341
2.405306
0.473756
0.675016
2.022911
0.386657
0.598575
0.919137
0.193820
0.635709
0.986079
1.628959
0.483753
0.182657
0.491236
0.316049
0.816707
1.472641
0.583875
0.979684
2.250119
0.549026
0.065566
1.868055
0.170491
0.318059
0.530907
0.224899
0.316451
1.163822
1.268466
1.389439
0.212318
1.377759
0.139007
0.444780
0.290852
2.630083
2.007237
1.636636
1.762180
0.594460
0.812346
2.977881
0.995147
0.967042
0.619201
0.267517
1.472890
1.368568
0.471272
0.814068
0.893046
1.150462
1.573815
0.559607
0.172116
2.218975
0.335678
1.142928
2.075914
1.848884
0.706097
1.021111
0.999029
0.330558
1.185599
1.521292
0.851105
1.593148
0.454638
0.167795
0.871570
1.465205
1.571468
1.340977
2.270944
1.947800
0.623393
1.569970
0.890922
0.466909
1.380918
0.098428
1.563909
0.417159
0.555916
0.650593
1.168764
0.236177
0.750046
0.477443
0.183149
0.457836
0.644806
0.537454
0.753866
1.154406
1.223405
1.027673
0.291869
1.204390
1.883359
1.021286
2.543560
2.287467
0.341584
0.768335
0.550712
0.630621
1.767980
1.086388
0.889704
0.594019
1.209711
0.984667
0.228536
0.283335
0.346967
0.780655
1.090044
2.094944
0.846182
0.403883
1.948886
0.341042
0.257047
1.476709
0.755196
0.906788
0.433474
1.870063
0.994110
0.127569
1.181002
0.671078
0.555498
1.050832
0.993212
0.687598
1.166320
0.311662
0.940800
0.612462
1.370352
0.475462
0.865124
0.116707
1.074985
1.394311
2.242938
0.531991
0.668362
0.701419
1.352740
0.069962
0.592705
2.098071
0.533344
0.298991
0.274612
0.904570
1.870666
2.074186
1.149987
0.334002
0.589838
0.155597
0.541572
1.453142
0.373928
0.907391
0.820206
0.542556
1.301916
0.057148
0.516517
1.784965
0.740676
0.896659
0.994487
0.694826
0.627008
0.631760
0.196557
0.054766
1.063736
2.353409
0.928461
2.533824
0.154168
0.377282
0.595438
0.283044
2.252788
0.392328
0.495945
0.777920
1.880706
0.612010
0.024871
0.287154
0.824264
0.320482
1.139288
0.969204
1.297188
0.972502
1.255076
0.493396
2.303242
0.434890
0.994720
0.823362
1.071150
0.731353
1.716745
0.033758
1.598382
1.590800
2.107547
0.448629
0.177825
0.198920
0.637488
1.225325
0.756097
0.819649
1.237153
1.060413
1.824653
1.489093
1.258692
0.150762
0.423607
1.401932
0.520339
0.515466
1.215147
0.616962
1.181244
0.364722
1.424599
1.136798
0.542799
0.398521
0.752470
0.501181
1.344776
0.699127
1.189568
0.372386
1.030722
0.194078
0.110312
0.391241
0.227319
0.231960
0.921882
0.237261
1.374134
1.478632
2.462830
2.113685
0.555517
0.350314
1.538022
0.634930
0.344381
0.517352
1.897091
0.812541
0.729302
0.232625
0.153362
2.014003
0.540480
0.908551
0.730318
1.818550
0.819345
1.701048
0.791518
2.340094
2.159356
0.391446
0.452977
1.006934
0.286637
2.036479
0.538236
1.135672
0.574036
0.527499
0.710924
0.938797
0.571266
0.894822
1.563125
0.301950
0.739157
0.127607
0.706793
1.505061
0.063621
0.624414
1.498850
0.796883
0.387364
1.084745
2.121297
1.532451
0.499207
0.493838
0.086339
0.261734
0.311206
1.257845
1.783157
0.460463
0.391488
1.300477
0.764742
0.709981
0.456369
0.718935
0.938400
0.430998
1.420929
0.381498
0.162512
0.181721
0.756328
1.380880
2.273929
0.672435
0.442744
0.065568
2.842886
0.296662
2.173157
1.259369
0.936102
0.295242
0.840075
0.133056
0.769421
0.353429
0.411998
1.626042
0.912329
0.456637
0.563355
0.392891
0.246278
0.477998
0.195837
0.425862
0.261860
1.347079
0.570130
0.864703
0.347734
1.163471
0.640329
0.636481
0.837916
1.792079
0.791685
0.839522
1.101987
2.022261
0.740369
1.738549
0.302497
0.463650
0.643914
0.793242
1.333419
0.351948
1.208114
0.773424
1.649313
0.831428
0.252356
1.972449
1.837599
0.846238
1.122861
0.014846
0.623108
0.193315
1.513106
0.403787
0.868438
0.540849
0.809492
1.545179
1.071602
0.844559
0.225430
0.660544
2.358652
1.637781
0.500336
2.574643
2.147198
0.043701
1.242135
0.414451
1.262153
0.781619
0.671011
0.860560
0.697181
0.313171
1.044941
1.700473
2.304971
1.475851
1.047162
0.005159
0.637058
0.872645
0.123996
0.627887
1.164652
0.465214
1.542876
2.263181
0.330331
1.523978
0.286437
0.403493
0.262366
0.701525
0.143138
1.379676
1.320468
0.016754
0.529364
0.552664
0.160771
0.143700
0.654478
0.105450
0.057332
0.502988
0.536861
1.062430
0.348179
1.433003
1.116566
0.571330
0.331912
2.759192
0.778505
0.745377
0.627441
1.294125
0.598839
1.040659
0.540505
0.869999
0.598795
0.330877
0.697889
1.507851
0.100100
0.127522
0.791855
3.420129
1.399612
0.617116
1.191755
0.067583
1.584251
1.499630
0.084234
1.530417
2.054239
0.362879
1.125781
0.257251
0.844240
0.443911
1.254895
1.171015
0.953096
1.061962
1.140183
1.701883
1.547329
1.664224
0.331840
1.344557
1.147300
0.870781
1.017983
1.756700
0.931537
0.253900
0.214714
0.725663
0.801558
1.317293
0.445907
2.016696
1.561207
0.886146
1.167296
0.938444
1.572890
1.762617
0.302817
1.158491
0.716566
0.232400
1.317786
0.605731
0.152210
0.808105
1.357896
0.217863
0.870630
1.132878
0.559813
1.212983
0.087995
1.265133
1.578097
1.209613
0.171009
0.536449
0.132720
0.368386
0.134251
0.886504
3.547558
0.802305
0.380957
0.527948
1.503928
1.019437
0.333526
2.476428
0.893211
1.030769
1.504996
1.366993
0.434204
0.430403
0.761881
0.573590
0.860695
1.099671
0.742007
0.797211
0.961831
0.678423
1.537146
1.571786
0.883977
0.563040
0.827299
0.201863
1.243019
1.024225
0.156615
0.415547
0.004410
0.120243
1.196989
2.709025
0.497110
0.021755
1.250396
1.481560
0.494353
1.881763
0.087345
2.131847
0.608580
0.866601
1.620878
1.179014
0.736311
0.570095
0.274403
0.529023
0.842499
1.090910
0.375376
0.096054
0.521853
1.038559
0.878846
0.610952
1.722507
0.379898
1.761961
1.145069
1.485024
0.504263
0.381422
0.820399
0.945735
0.149367
1.460906
0.255842
0.408224
0.179044
0.667785
0.483064
1.203148
0.157137
0.799863
2.249557
0.114698
0.302762
0.554492
2.345626
3.289035
1.068511
1.235780
0.517803
0.005883
2.043239
1.111230
0.656122
0.715067
0.296285
2.155162
1.435261
0.650657
0.493393
0.853617
1.845497
0.266448
1.063531
2.457134
1.446429
0.106337
0.503762
1.169881
0.782939
0.634075
0.372091
1.169950
1.274100
1.138589
0.405528
0.581263
0.802508
0.445200
0.644879
0.130083
0.654095
0.949853
0.754009
1.447274
1.129492
0.399612
0.466613
2.710991
1.239171
1.866401
0.253872
0.292150
0.507615
0.153184
0.579787
1.105539
0.630432
0.810219
0.399640
2.475615
0.006264
2.329178
1.967741
1.061881
1.261248
0.463620
1.701215
1.232471
0.285053
0.980582
2.087186
0.045378
2.436834
0.383484
0.345047
0.219881
0.450917
0.707588
1.031240
0.356349
2.749010
0.438764
1.095777
0.667835
1.309372
1.322815
0.745312
0.175344
1.531669
1.893747
0.678082
0.768726
1.280910
0.416268
0.536927
0.279675
1.438963
1.003166
0.498367
0.607972
0.162417
1.080340
0.408117
1.198737
0.273759
1.012550
0.930302
0.110531
0.090902
0.328056
0.185776
1.174442
0.729356
0.715951
0.568770
1.643480
1.212810
0.179433
1.939947
0.062365
3.009245
0.469855
0.358590
0.483977
0.771211
0.661420
0.730553
0.515448
1.141111
0.413980
0.734490
1.011388
0.788998
0.799252
0.534240
0.323128
0.955403
1.035217
0.174269
1.404563
0.860869
2.296458
0.390599
1.201125
1.123890
0.829562
0.901416
0.312304
1.009159
0.339283
0.916281
0.292380
0.531876
0.353235
1.133782
0.488987
0.823988
0.763343
0.491198
0.350211
0.127278
0.860687
0.499970
0.384737
2.604579
0.618497
0.833431
1.459811
2.198843
1.311204
0.778088
2.170886
0.407160
0.117394
0.352073
0.501896
0.102481
0.274019
2.946358
0.306968
0.776791
0.254301
0.033971
1.422750
0.442467
1.479903
1.046407
0.254286
0.412804
1.165729
0.573925
0.577688
0.107706
0.937919
1.947420
0.886617
0.195672
0.908923
0.130779
1.949163
0.347964
0.101599
0.494882
1.128263
1.701797
0.741905
0.816860
0.176220
0.841790
0.493380
0.165821
0.526052
0.875786
0.315181
0.649494
1.554934
1.161816
1.467701
0.974216
0.418684
0.065064
2.165930
1.357678
0.356621
2.276083
0.528038
0.250277
0.893671
0.161328
0.758785
1.417807
0.457393
1.380966
0.862356
1.791950
0.552345
0.914494
1.745010
1.335452
1.599907
0.533358
0.806238
0.600236
0.384936
0.466922
1.153738
1.572424
0.654755
0.559845
0.185200
0.723222
0.264991
2.391836
1.425526
0.273846
2.210629
0.701721
0.431444
0.966378
0.210646
0.367548
0.175904
0.091785
0.755538
1.477554
2.565420
1.643130
0.833815
0.395505
1.438143
2.799645
0.206467
0.501977
0.210522
0.228449
1.093230
2.981896
2.948047
0.630898
0.121259
0.781900
0.317449
0.975517
0.600398
0.451406
0.193942
0.221493
0.468982
0.939869
0.254907
0.486426
2.361910
2.606877
0.491649
0.224305
0.274159
0.541534
2.176432
0.108451
1.142166
2.327956
0.902950
0.733570
0.883784
0.087337
0.950882
1.366801
0.876184
3.000340
0.094067
1.313506
0.358491
0.820887
1.568750
1.028004
0.826589
0.639654
0.132663
0.431960
1.086230
0.600526
0.613787
1.277297
0.618383
1.392712
0.829987
1.111913
4.056892
0.346324
0.858499
0.601236
0.430739
0.112715
0.390435
0.084905
1.338776
0.620349
1.079678
1.839535
0.861827
0.914136
0.994213
1.445662
0.293290
0.359781
1.315288
0.206007
0.171062
1.196899
0.461872
1.453474
0.850573
0.022212
1.446250
0.657826
1.100136
1.980593
1.506727
0.193037
0.426045
0.045430
0.578431
1.386708
0.187921
0.292780
1.380609
0.941379
1.164922
0.878917
1.915997
0.144691
0.467550
0.290550
0.989081
0.208824
0.517052
0.617579
2.001842
0.751477
0.429149
0.486677
0.528098
1.251431
1.110354
1.214173
0.356548
2.567579
0.525179
0.582968
1.076779
1.894807
1.109421
1.238613
0.897617
0.667188
0.010179
0.213032
0.430747
0.603075
0.526924
0.165537
0.894996
0.886556
1.032826
0.179828
0.931111
0.881978
1.096038
0.550279
0.905071
1.784584
0.194838
1.649711
1.968941
0.422301
0.655455
0.922589
1.142271
1.189553
1.949049
1.093211
2.705213
1.893539
0.694257
0.619416
1.091192
0.548431
0.215331
0.250372
0.278695
0.114670
0.389137
0.451722
0.729534
0.930552
1.111307
0.855367
0.923797
1.103362
0.853048
0.250863
0.782834
2.235657
3.270753
0.348457
0.683934
0.232330
0.495227
0.643515
0.426197
0.483799
0.323092
1.172262
0.150887
0.198451
1.650060
1.907883
0.581555
0.876444
1.362891
0.188806
0.640397
0.767985
1.437379
1.394674
1.260943
0.537787
1.069525
0.656394
2.305205
0.229157
0.634500
2.243648
0.185053
0.422453
1.171016
0.563324
1.196116
0.744499
0.360163
1.068829
0.105564
0.249677
0.212989
0.837956
1.113204
0.385763
0.992585
1.635947
0.316507
0.442517
0.521267
1.712118
1.115431
0.083972
0.952513
0.411160
0.859132
0.973440
1.156147
0.917752
1.047798
1.028772
0.703414
1.311471
0.995396
0.155466
1.306561
1.499387
1.353521
0.081605
0.871036
1.264385
0.050186
0.962074
1.188546
3.119803
0.701882
0.248115
0.292719
0.320356
1.934824
1.196782
0.613358
0.739586
0.413110
1.256735
0.500136
0.503024
1.719084
0.650371
1.025870
0.276774
0.498607
0.781096
0.844813
2.836861
0.871401
1.784752
0.568604
0.527606
0.904789
0.199738
0.482053
0.135839
1.151766
1.403907
1.791366
1.430004
1.487302
1.067616
0.696908
2.595339
0.472943
2.285521
1.829380
1.992120
0.398150
0.969871
0.250659
0.884381
0.852962
0.729625
0.186615
0.705682
1.234835
0.420534
0.460986
0.813230
0.861680
0.729892
0.760735
0.656596
0.517110
2.179365
0.233095
1.322794
0.651232
0.304015
1.860644
2.008477
0.629796
0.786806
0.386604
1.112177
1.559948
0.171264
0.115460
0.142380
1.388151
1.035088
0.986655
1.046612
0.394273
0.387673
1.296020
0.743890
1.705345
1.136393
0.165693
0.626414
0.717015
0.226703
0.608939
1.100940
3.426158
0.530750
0.828069
0.563261
0.873041
0.637271
1.350127
0.819833
1.096535
1.130145
0.630129
3.395951
0.984411
0.313042
0.946568
1.482265
0.845601
2.013822
0.540786
2.134571
1.277844
2.262037
0.205661
0.055412
1.278559
2.478006
0.418546
0.269046
0.073511
0.204741
0.811800
0.353638
2.467986
1.061970
0.853965
0.762886
1.309329
0.565152
0.354137
1.185657
1.352820
0.598191
1.051902
0.124634
0.446849
1.450082
0.977923
1.113286
0.805771
1.339565
0.434117
1.192806
1.748322
0.932805
1.451691
0.879400
0.837811
1.049213
1.158825
1.668422
0.881509
0.307299
0.780770
0.955122
0.184080
0.469431
0.518988
1.138313
1.325222
0.896048
0.669909
1.837813
1.551311
0.535522
1.385510
1.064252
0.740485
0.091395
1.120151
0.939250
0.505975
0.956442
1.475741
1.210307
1.241023
0.248397
0.305369
0.290552
2.134643
1.110238
1.398398
1.224277
1.414446
0.243156
1.716048
1.027556
1.061769
1.056086
2.444972
0.170205
0.294132
0.649186
0.307717
0.176579
0.459541
0.199425
0.898225
1.225202
0.655653
0.258286
1.207214
2.560206
0.716915
0.995645
1.326206
1.351895
0.567287
0.581990
2.052653
0.711365
1.104204
0.283622
1.097087
0.130488
0.769845
1.372999
0.477816
0.198819
0.445868
1.456358
1.276008
1.452583
0.505362
1.165356
0.130700
1.606598
1.306321
0.712047
1.184046
0.499773
0.664132
1.229516
2.027307
2.113456
0.002229
1.417929
0.771889
0.781639
